BMW CAN Bus Capture Results
==================================================
Timestamp: 2025-12-02 16:14:28
Total Messages: 93
Unique Arbitration IDs: 4

Message Categories:
  Dme Dde: 0
  Egs: 0
  Abs Dsc: 0
  Srs: 0
  Kombi: 0
  Zke: 0
  Ihka: 0
  Pdc: 0
  Doors: 0
  Windows: 0
  Unknown: 93

Arbitration IDs Found: ['720', '740', '7E0', '7E8']

==================================================
Raw CAN Messages:
7E8 06 41 0C 0F A0 00 00
7E8 04 41 0D 32
7E8 03 41 05 80
7E8 04 41 2F 20 10
7E0 02 3E 00
7E8 03 7F 01 78
720 08 44 50 52 45 53 53 20 55
740 06 35 53 54 45 45 52 20
7E8 06 41 0C 0F A0 00 00
7E8 04 41 0D 32
7E8 03 41 05 80
7E8 04 41 2F 20 10
7E0 02 3E 00
7E8 03 7F 01 78
720 08 44 50 52 45 53 53 20 55
740 06 35 53 54 45 45 52 20
7E8 06 41 0C 0F A0 00 00
7E8 04 41 0D 32
7E8 03 41 05 80
7E8 04 41 2F 20 10
7E0 02 3E 00
7E8 03 7F 01 78
720 08 44 50 52 45 53 53 20 55
740 06 35 53 54 45 45 52 20
7E8 06 41 0C 0F A0 00 00
7E8 04 41 0D 32
7E8 03 41 05 80
7E8 04 41 2F 20 10
7E0 02 3E 00
7E8 03 7F 01 78
720 08 44 50 52 45 53 53 20 55
740 06 35 53 54 45 45 52 20
7E8 06 41 0C 0F A0 00 00
7E8 04 41 0D 32
7E8 03 41 05 80
7E8 04 41 2F 20 10
7E0 02 3E 00
7E8 03 7F 01 78
720 08 44 50 52 45 53 53 20 55
740 06 35 53 54 45 45 52 20
7E8 06 41 0C 0F A0 00 00
7E8 04 41 0D 32
7E8 03 41 05 80
7E8 04 41 2F 20 10
7E0 02 3E 00
7E8 03 7F 01 78
720 08 44 50 52 45 53 53 20 55
740 06 35 53 54 45 45 52 20
7E8 06 41 0C 0F A0 00 00
7E8 04 41 0D 32
7E8 03 41 05 80
7E8 04 41 2F 20 10
7E0 02 3E 00
7E8 03 7F 01 78
720 08 44 50 52 45 53 53 20 55
740 06 35 53 54 45 45 52 20
7E8 06 41 0C 0F A0 00 00
7E8 04 41 0D 32
7E8 03 41 05 80
7E8 04 41 2F 20 10
7E0 02 3E 00
7E8 03 7F 01 78
720 08 44 50 52 45 53 53 20 55
740 06 35 53 54 45 45 52 20
7E8 06 41 0C 0F A0 00 00
7E8 04 41 0D 32
7E8 03 41 05 80
7E8 04 41 2F 20 10
7E0 02 3E 00
7E8 03 7F 01 78
720 08 44 50 52 45 53 53 20 55
740 06 35 53 54 45 45 52 20
7E8 06 41 0C 0F A0 00 00
7E8 04 41 0D 32
7E8 03 41 05 80
7E8 04 41 2F 20 10
7E0 02 3E 00
7E8 03 7F 01 78
720 08 44 50 52 45 53 53 20 55
740 06 35 53 54 45 45 52 20
7E8 06 41 0C 0F A0 00 00
7E8 04 41 0D 32
7E8 03 41 05 80
7E8 04 41 2F 20 10
7E0 02 3E 00
7E8 03 7F 01 78
720 08 44 50 52 45 53 53 20 55
740 06 35 53 54 45 45 52 20
7E8 06 41 0C 0F A0 00 00
7E8 04 41 0D 32
7E8 03 41 05 80
7E8 04 41 2F 20 10
7E0 02 3E 00
