LAND ROVER RANGE ROVER SPORT 2009 - CAN BUS CAPTURE
============================================================
Vehicle: Land Rover Range Rover Sport 2009
VIN: SALLSAA139A189835
Odometer: 157642km
Platform: L320
Engine: 4.2L V8 Supercharged
Protocol: ISO15765_11BIT
Capture Duration: 30 seconds
Test Device: GT100 PLUS GPT & GD 101
============================================================

CAPTURED CAN MESSAGES:
------------------------------
[11:34:16.436] 7E8 8 41 00 C1 A0 90 00 00 00
[11:34:16.888] 7A0 8 41 0C 6F 1C 00 00 00 00
[11:34:17.137] 7C0 8 41 00 55 00 A5 00 00 00
[11:34:17.456] 7E8 8 41 00 C1 A0 90 00 00 00
[11:34:17.456] 760 8 41 41 91 00 00 00 00 00
[11:34:17.606] 760 8 41 41 95 00 00 00 00 00
[11:34:17.607] 7E8 8 41 00 BD A0 90 00 00 00
[11:34:18.082] 740 8 41 00 62 00 00 00 00 00
[11:34:18.082] 764 8 41 22 5D 00 00 00 00 00
[11:34:18.264] 740 8 41 00 5F 00 00 00 00 00
[11:34:18.264] 780 8 41 00 73 00 00 00 00 00
[11:34:18.624] 7E8 8 41 00 BD A0 90 00 00 00
[11:34:19.101] 750 8 41 00 67 00 00 00 00 00
[11:34:19.395] 764 8 41 22 5D 00 00 00 00 00
[11:34:19.395] 7A0 8 41 0C 72 18 00 00 00 00
[11:34:19.395] 7E8 8 41 00 C0 A0 90 00 00 00
[11:34:19.588] 740 8 41 00 64 00 00 00 00 00
[11:34:19.588] 750 8 41 00 61 00 00 00 00 00
[11:34:20.015] 7E2 8 41 08 58 00 00 00 00 00
[11:34:20.268] 7A0 8 41 0C 73 21 00 00 00 00
[11:34:20.268] 7E0 8 02 01 0C 00 00 00 00 00
[11:34:20.518] 750 8 41 00 62 00 00 00 00 00
[11:34:20.781] 7E2 8 41 08 5A 00 00 00 00 00
[11:34:21.129] 7E8 8 41 00 BF A0 90 00 00 00
[11:34:21.239] 7E0 8 02 01 0C 00 00 00 00 00
[11:34:21.564] 7E8 8 41 00 BC A0 90 00 00 00
[11:34:21.705] 7E8 8 41 00 C4 A0 90 00 00 00
[11:34:21.705] 760 8 41 41 8C 00 00 00 00 00
[11:34:21.989] 750 8 41 00 5F 00 00 00 00 00
[11:34:22.253] 760 8 41 41 8F 00 00 00 00 00
[11:34:22.253] 764 8 41 22 63 00 00 00 00 00
[11:34:22.627] 780 8 41 00 77 00 00 00 00 00
[11:34:22.627] 760 8 41 41 92 00 00 00 00 00
[11:34:22.627] 764 8 41 22 62 00 00 00 00 00
[11:34:23.127] 760 8 41 41 90 00 00 00 00 00
[11:34:23.127] 720 8 41 0C 55 21 00 00 00 00
[11:34:23.127] 7E2 8 41 08 5D 00 00 00 00 00
[11:34:23.405] 7C0 8 41 00 52 00 A5 00 00 00
[11:34:23.405] 7E0 8 02 01 0C 00 00 00 00 00
[11:34:23.405] 780 8 41 00 74 00 00 00 00 00
[11:34:23.698] 750 8 41 00 61 00 00 00 00 00
[11:34:23.698] 7E0 8 02 01 0C 00 00 00 00 00
[11:34:23.939] 7C0 8 41 00 50 00 A5 00 00 00
[11:34:23.939] 764 8 41 22 62 00 00 00 00 00
[11:34:23.940] 7E0 8 02 01 0C 00 00 00 00 00
[11:34:24.335] 7E2 8 41 08 59 00 00 00 00 00
[11:34:24.698] 7E0 8 02 01 0C 00 00 00 00 00
[11:34:24.698] 750 8 41 00 5E 00 00 00 00 00
[11:34:24.831] 7E2 8 41 08 5C 00 00 00 00 00
[11:34:24.831] 7E2 8 41 08 5A 00 00 00 00 00
[11:34:24.832] 740 8 41 00 62 00 00 00 00 00
[11:34:24.946] 7C0 8 41 00 4B 00 A5 00 00 00
[11:34:24.946] 7C0 8 41 00 52 00 A5 00 00 00
[11:34:24.946] 7C0 8 41 00 53 00 A5 00 00 00
[11:34:25.265] 760 8 41 41 91 00 00 00 00 00
[11:34:25.265] 740 8 41 00 64 00 00 00 00 00
[11:34:25.266] 7A0 8 41 0C 6E 15 00 00 00 00
[11:34:25.647] 720 8 41 0C 5F 1F 00 00 00 00
[11:34:25.907] 7E8 8 41 00 C4 A0 90 00 00 00
[11:34:25.907] 7A0 8 41 0C 70 26 00 00 00 00
[11:34:26.301] 7E2 8 41 08 5E 00 00 00 00 00
[11:34:26.457] 7E8 8 41 00 BB A0 90 00 00 00
[11:34:26.915] 780 8 41 00 72 00 00 00 00 00
[11:34:27.298] 7C0 8 41 00 53 00 A5 00 00 00
[11:34:27.299] 7A0 8 41 0C 78 27 00 00 00 00
[11:34:27.299] 7E0 8 02 01 0C 00 00 00 00 00
[11:34:27.472] 740 8 41 00 62 00 00 00 00 00
[11:34:27.472] 7E8 8 41 00 BA A0 90 00 00 00
[11:34:27.473] 7E0 8 02 01 0C 00 00 00 00 00
[11:34:27.694] 7A0 8 41 0C 77 17 00 00 00 00
[11:34:27.694] 780 8 41 00 76 00 00 00 00 00
[11:34:27.813] 764 8 41 22 5F 00 00 00 00 00
[11:34:27.813] 720 8 41 0C 56 1E 00 00 00 00
[11:34:28.077] 760 8 41 41 94 00 00 00 00 00
[11:34:28.077] 7E2 8 41 08 5A 00 00 00 00 00
[11:34:28.498] 780 8 41 00 71 00 00 00 00 00
[11:34:28.498] 764 8 41 22 59 00 00 00 00 00
[11:34:28.751] 7C0 8 41 00 52 00 A5 00 00 00
[11:34:28.751] 764 8 41 22 5C 00 00 00 00 00
[11:34:29.103] 7E8 8 41 00 C4 A0 90 00 00 00
[11:34:29.104] 7E2 8 41 08 57 00 00 00 00 00
[11:34:29.104] 760 8 41 41 91 00 00 00 00 00
[11:34:29.589] 7C0 8 41 00 50 00 A5 00 00 00
[11:34:29.590] 760 8 41 41 8D 00 00 00 00 00
[11:34:30.019] 764 8 41 22 5A 00 00 00 00 00
[11:34:30.019] 750 8 41 00 65 00 00 00 00 00
[11:34:30.019] 760 8 41 41 95 00 00 00 00 00
[11:34:30.289] 7E2 8 41 08 5E 00 00 00 00 00
[11:34:30.289] 750 8 41 00 67 00 00 00 00 00
[11:34:30.289] 7E0 8 02 01 0C 00 00 00 00 00
[11:34:30.424] 740 8 41 00 5E 00 00 00 00 00
[11:34:30.761] 764 8 41 22 5E 00 00 00 00 00
[11:34:30.761] 7E2 8 41 08 57 00 00 00 00 00
[11:34:30.761] 7E8 8 41 00 C3 A0 90 00 00 00
[11:34:30.957] 780 8 41 00 73 00 00 00 00 00
[11:34:30.957] 720 8 41 0C 59 14 00 00 00 00
[11:34:31.212] 7E2 8 41 08 60 00 00 00 00 00
[11:34:31.212] 750 8 41 00 64 00 00 00 00 00
[11:34:31.519] 720 8 41 0C 5A 15 00 00 00 00
[11:34:31.519] 720 8 41 0C 55 18 00 00 00 00
[11:34:31.799] 7A0 8 41 0C 72 16 00 00 00 00
[11:34:31.799] 7E0 8 02 01 0C 00 00 00 00 00
[11:34:31.799] 740 8 41 00 66 00 00 00 00 00
[11:34:32.088] 7E2 8 41 08 5B 00 00 00 00 00
[11:34:32.088] 7E8 8 41 00 BF A0 90 00 00 00
[11:34:32.306] 764 8 41 22 60 00 00 00 00 00
[11:34:32.587] 750 8 41 00 62 00 00 00 00 00
[11:34:32.587] 760 8 41 41 93 00 00 00 00 00
[11:34:32.969] 7E0 8 02 01 0C 00 00 00 00 00
[11:34:32.969] 750 8 41 00 5E 00 00 00 00 00
[11:34:33.351] 750 8 41 00 63 00 00 00 00 00
[11:34:33.465] 7E0 8 02 01 0C 00 00 00 00 00
[11:34:33.573] 750 8 41 00 66 00 00 00 00 00
[11:34:33.941] 764 8 41 22 59 00 00 00 00 00
[11:34:33.941] 750 8 41 00 60 00 00 00 00 00
[11:34:33.942] 7E2 8 41 08 58 00 00 00 00 00
[11:34:34.363] 7A0 8 41 0C 75 26 00 00 00 00
[11:34:34.363] 780 8 41 00 72 00 00 00 00 00
[11:34:34.496] 760 8 41 41 95 00 00 00 00 00
[11:34:34.496] 764 8 41 22 5F 00 00 00 00 00
[11:34:34.496] 780 8 41 00 73 00 00 00 00 00
[11:34:34.698] 7E0 8 02 01 0C 00 00 00 00 00
[11:34:35.192] 750 8 41 00 68 00 00 00 00 00
[11:34:35.462] 764 8 41 22 63 00 00 00 00 00
[11:34:35.645] 7E8 8 41 00 C1 A0 90 00 00 00
[11:34:35.646] 7C0 8 41 00 55 00 A5 00 00 00
[11:34:36.045] 720 8 41 0C 5F 18 00 00 00 00
[11:34:36.045] 7E8 8 41 00 BF A0 90 00 00 00
[11:34:36.045] 740 8 41 00 5F 00 00 00 00 00
[11:34:36.448] 780 8 41 00 74 00 00 00 00 00
[11:34:36.448] 7E2 8 41 08 60 00 00 00 00 00
[11:34:36.953] 7E0 8 02 01 0C 00 00 00 00 00
[11:34:36.953] 780 8 41 00 74 00 00 00 00 00
[11:34:37.425] 750 8 41 00 64 00 00 00 00 00
[11:34:37.425] 750 8 41 00 66 00 00 00 00 00
[11:34:37.425] 750 8 41 00 60 00 00 00 00 00
[11:34:37.633] 750 8 41 00 5F 00 00 00 00 00
[11:34:37.633] 7E2 8 41 08 60 00 00 00 00 00
[11:34:37.761] 764 8 41 22 62 00 00 00 00 00
[11:34:37.938] 7E2 8 41 08 57 00 00 00 00 00
[11:34:37.939] 7C0 8 41 00 55 00 A5 00 00 00
[11:34:38.230] 7C0 8 41 00 54 00 A5 00 00 00
[11:34:38.564] 780 8 41 00 72 00 00 00 00 00
[11:34:38.834] 7E0 8 02 01 0C 00 00 00 00 00
[11:34:38.835] 7E2 8 41 08 61 00 00 00 00 00
[11:34:38.835] 7E0 8 02 01 0C 00 00 00 00 00
[11:34:39.035] 740 8 41 00 63 00 00 00 00 00
[11:34:39.035] 7E8 8 41 00 C0 A0 90 00 00 00
[11:34:39.035] 740 8 41 00 65 00 00 00 00 00
[11:34:39.327] 720 8 41 0C 5F 22 00 00 00 00
[11:34:39.487] 7E8 8 41 00 BA A0 90 00 00 00
[11:34:39.873] 7C0 8 41 00 50 00 A5 00 00 00
[11:34:39.873] 780 8 41 00 70 00 00 00 00 00
[11:34:39.873] 7E8 8 41 00 BE A0 90 00 00 00
[11:34:40.234] 750 8 41 00 65 00 00 00 00 00
[11:34:40.621] 7E8 8 41 00 BF A0 90 00 00 00
[11:34:40.621] 7C0 8 41 00 4E 00 A5 00 00 00
[11:34:40.902] 7C0 8 41 00 52 00 A5 00 00 00
[11:34:40.902] 7E8 8 41 00 C4 A0 90 00 00 00
[11:34:41.115] 760 8 41 41 8D 00 00 00 00 00
[11:34:41.115] 780 8 41 00 73 00 00 00 00 00
[11:34:41.115] 764 8 41 22 5C 00 00 00 00 00
[11:34:41.390] 7E2 8 41 08 57 00 00 00 00 00
[11:34:41.390] 780 8 41 00 71 00 00 00 00 00
[11:34:41.715] 7A0 8 41 0C 6F 1B 00 00 00 00
[11:34:41.869] 750 8 41 00 60 00 00 00 00 00
[11:34:41.869] 740 8 41 00 5C 00 00 00 00 00
[11:34:42.102] 760 8 41 41 8D 00 00 00 00 00
[11:34:42.102] 780 8 41 00 71 00 00 00 00 00
[11:34:42.472] 720 8 41 0C 5B 18 00 00 00 00
[11:34:42.971] 720 8 41 0C 58 24 00 00 00 00
[11:34:42.971] 7E0 8 02 01 0C 00 00 00 00 00
[11:34:43.256] 7E2 8 41 08 60 00 00 00 00 00
[11:34:43.256] 7E2 8 41 08 5E 00 00 00 00 00
[11:34:43.256] 780 8 41 00 70 00 00 00 00 00
[11:34:43.755] 760 8 41 41 94 00 00 00 00 00
[11:34:44.089] 7E0 8 02 01 0C 00 00 00 00 00
[11:34:44.089] 740 8 41 00 62 00 00 00 00 00
[11:34:44.089] 780 8 41 00 72 00 00 00 00 00
[11:34:44.395] 720 8 41 0C 5F 15 00 00 00 00
[11:34:44.672] 760 8 41 41 8D 00 00 00 00 00
[11:34:44.672] 7E2 8 41 08 61 00 00 00 00 00
[11:34:45.005] 7C0 8 41 00 4D 00 A5 00 00 00
[11:34:45.483] 764 8 41 22 5E 00 00 00 00 00
[11:34:45.483] 7C0 8 41 00 4C 00 A5 00 00 00
[11:34:45.483] 740 8 41 00 60 00 00 00 00 00
[11:34:45.796] 764 8 41 22 63 00 00 00 00 00

ANALYSIS SUMMARY:
--------------------
Total Messages: 187
Message Rate: 374.0 msg/min
Unique IDs: 11
Unique IDs Found: 720, 740, 750, 760, 764, 780, 7A0, 7C0, 7E0, 7E2, 7E8

ECU BREAKDOWN:
---------------
Engine: 39 messages
Brakes: 10 messages
Air Suspension: 17 messages
Transmission: 17 messages
Body: 14 messages
Steering: 18 messages
Terrain Response: 18 messages
Airbag: 21 messages
Climate: 22 messages
Instrument: 11 messages

PROTOCOL ANALYSIS:
------------------
Standard Addressing: 187 messages
Extended Addressing: 0 messages
Errors: 0 messages
